3x3Tablero:
0 0 0 
0 0 0 
0 0 0 

3x3Tablero:
0 0 0 
0 0 0 
0 0 0 

4x4Tablero:
0 0 0 0 
0 0 0 0 
0 0 0 0 
0 0 0 0 

4x4Tablero:
0 0 0 0 
0 0 0 0 
0 0 0 0 
0 0 0 0 

5x5Tablero:
 1 20 17 12  3 
16 11  2  7 18 
21 24 19  4 13 
10 15  6 23  8 
25 22  9 14  5 

5x5Tablero:
0 0 0 0 0 
0 0 0 0 0 
0 0 0 0 0 
0 0 0 0 0 
0 0 0 0 0 

6x6Tablero:
 1 28 33 20  3 26 
34 19  2 27  8 13 
29 32 21 12 25  4 
18 35 30  7 14  9 
31 22 11 16  5 24 
36 17  6 23 10 15 

6x6Tablero:
 1 22 27 30  3 20 
26 31  2 21  8 29 
23 36 25 28 19  4 
32 13 34  7 16  9 
35 24 11 14  5 18 
12 33  6 17 10 15 

3x10Tablero:
 1  4 29 18 21  6 23 14  9 12 
28 19  2  5 26 17  8 11 24 15 
 3 30 27 20  7 22 25 16 13 10 

3x10Tablero:
 1  4 29 18 21  6 23 14  9 12 
28 19  2  5 26 17  8 11 24 15 
 3 30 27 20  7 22 25 16 13 10 

3x12Tablero:
 1  4 35 26 29  6 31 18 21  8 11 14 
34 25  2  5 32 23 28  7 16 13 20  9 
 3 36 33 24 27 30 17 22 19 10 15 12 

3x12Tablero:
 1  4 35 26 29  6 31 18 21  8 11 14 
34 25  2  5 32 23 28  7 16 13 20  9 
 3 36 33 24 27 30 17 22 19 10 15 12 

5x6Tablero:
 1 26  9 18  3 14 
24 19  2 15 10 17 
27  8 25 22 13  4 
20 23  6 29 16 11 
 7 28 21 12  5 30 

5x6Tablero:
 1 18 11 22  3 16 
10 27  2 17 12 23 
19 30 21  6 15  4 
26  9 28 13 24  7 
29 20 25  8  5 14 

3x4Tablero:
 1  4  7 10 
12  9  2  5 
 3  6 11  8 

3x4Tablero:
0 0 0 0 
0 0 0 0 
0 0 0 0 

3x5Tablero:
0 0 0 0 0 
0 0 0 0 0 
0 0 0 0 0 

3x5Tablero:
0 0 0 0 0 
0 0 0 0 0 
0 0 0 0 0 

3x6Tablero:
0 0 0 0 0 0 
0 0 0 0 0 0 
0 0 0 0 0 0 

3x6Tablero:
0 0 0 0 0 0 
0 0 0 0 0 0 
0 0 0 0 0 0 

3x8Tablero:
 1  4  7 22 19 16 13 10 
24 21  2  5  8 11 18 15 
 3  6 23 20 17 14  9 12 

3x8Tablero:
0 0 0 0 0 0 0 0 
0 0 0 0 0 0 0 0 
0 0 0 0 0 0 0 0 

4x6Tablero:
 1 18 11 22  3 14 
10 23  2 13  6 21 
17 12 19  8 15  4 
24  9 16  5 20  7 

4x6Tablero:
0 0 0 0 0 0 
0 0 0 0 0 0 
0 0 0 0 0 0 
0 0 0 0 0 0 

4x3Tablero:
 1  8  3 
 4 11  6 
 7  2  9 
10  5 12 

4x3Tablero:
0 0 0 
0 0 0 
0 0 0 
0 0 0 

5x3Tablero:
0 0 0 
0 0 0 
0 0 0 
0 0 0 
0 0 0 

5x3Tablero:
0 0 0 
0 0 0 
0 0 0 
0 0 0 
0 0 0 

6x3Tablero:
0 0 0 
0 0 0 
0 0 0 
0 0 0 
0 0 0 
0 0 0 

6x3Tablero:
0 0 0 
0 0 0 
0 0 0 
0 0 0 
0 0 0 
0 0 0 

8x3Tablero:
 1 14 11 
12 17  2 
15 10 13 
18  3 16 
 9 22  7 
 6 19  4 
21  8 23 
24  5 20 

8x3Tablero:
0 0 0 
0 0 0 
0 0 0 
0 0 0 
0 0 0 
0 0 0 
0 0 0 
0 0 0 

6x4Tablero:
 1 12 17 14 
18 15  2  7 
11  6 13 16 
22 19  8  3 
 5 10 23 20 
24 21  4  9 

6x4Tablero:
0 0 0 0 
0 0 0 0 
0 0 0 0 
0 0 0 0 
0 0 0 0 
0 0 0 0 

6x5Tablero:
 1 16  9 22  3 
10 23  2 17  8 
15 18 11  4 21 
24 27 20  7 12 
19 14 29 26  5 
28 25  6 13 30 

6x5Tablero:
 1 28 21 10  3 
22 11  2 29 20 
27 30 23  4  9 
12 15  8 19 24 
 7 26 17 14  5 
16 13  6 25 18 

10x3Tablero:
 1 16 19 
18 23  2 
15 20 17 
24  3 22 
21 14  9 
10 25  4 
13  8 11 
28  5 26 
 7 12 29 
30 27  6 

10x3Tablero:
 1 26 29 
28  7  2 
25 30 27 
 8  3  6 
 5 24 19 
20  9  4 
23 18 21 
12 15 10 
17 22 13 
14 11 16 

12x3Tablero:
 1 26 23 
24 19  2 
27 22 25 
18  3 20 
21 28 13 
14 17  4 
29 12 15 
16  5 30 
11 34  9 
 8 31  6 
33 10 35 
36  7 32 

12x3Tablero:
 1 32 35 
34 21  2 
31 36 33 
22  3 20 
19 30 17 
16 23  4 
29 18 15 
24  5 28 
27 14 25 
 8 11  6 
13 26  9 
10  7 12 

8x8Tablero:
 1 38 55 34  3 36 19 22 
54 47  2 37 20 23  4 17 
39 56 33 46 35 18 21 10 
48 53 40 57 24 11 16